Date,Open,High,Low,Close,Volume,Dividends,Stock Splits
2025-09-18 00:00:00-04:00,311.7900085449219,313.44000244140625,309.6099853515625,313.2300109863281,8050700,0.0,0.0
2025-09-19 00:00:00-04:00,313.6000061035156,315.79998779296875,309.1199951171875,314.7799987792969,23568600,0.0,0.0
2025-09-22 00:00:00-04:00,309.79998779296875,313.70001220703125,309.55999755859375,312.44000244140625,7520200,0.0,0.0
2025-09-23 00:00:00-04:00,311.82000732421875,316.30999755859375,310.5799865722656,312.739990234375,8584400,0.0,0.0
2025-09-24 00:00:00-04:00,314.04998779296875,316.5773010253906,311.6650085449219,313.4200134277344,4596352,0.0,0.0
2025-09-18 00:00:00-04:00,511.489990234375,513.0700073242188,507.6600036621094,508.45001220703125,18913700,0.0,0.0
2025-09-19 00:00:00-04:00,510.55999755859375,519.2999877929688,510.30999755859375,517.9299926757812,52474100,0.0,0.0
2025-09-22 00:00:00-04:00,515.5900268554688,517.739990234375,512.5399780273438,514.4500122070312,20009300,0.0,0.0
2025-09-23 00:00:00-04:00,513.7999877929688,514.5900268554688,507.30999755859375,509.2300109863281,19799600,0.0,0.0
2025-09-24 00:00:00-04:00,510.6199951171875,512.47998046875,506.9200134277344,510.1499938964844,13505317,0.0,0.0
